$ANSIBLE_VAULT;1.1;AES256
66626134663766363464663862373166386461623063623761373134613338626639303435376263
3261336666333936383931623838386562653834373333310a376161306163633437376538613966
66343261626139333865313464303432656133643166303061666439613366373335376139666461
3362643862353636310a646433623735303935323839653664616236313039333830353834653230
32313466356562333565646530323838303463316633653434396266376332396530383064643132
63343237616538313933663635316566616330303435316538396230346438313837383766353566
33323238353430316135663664363438356135633932313961656432303030393335346438303339
38353465613332373930666632613135616430646662313532633632326538343162643433353239
61366264353632396332666232336266343537343831386439353632313730396565306234303637
37663864643834616234366439616234623162643665323464323363623737633330636366653536
39643332323539376434313639666130313434626238623836613832383634313932323737646264
61623631633136613332666366386237643664396236353163393535323064366330336262303266
38313035623731663238633531643761626530376239346236663663383434383330303164343037
39613838386165346138396130336366383066383235663130386539663363663763633339326366
36623862333363383633313965363032316362616264353066393236363638643162363232643762
31383735393566316461303938326334343738336462333732386339376464373964393165316265
30646434386466323664613166343762313064626665386431366265363765623434306161313033
33303732383962646462356465653364396238643839313661306437363938303866306132303130
61633337313830646234363739373362353961636630333065653038646231313232376539303065
66303633393830336135316363333466626633623365363831663730346530623337363365633766
31646430366137653532356266333832313863613465366338333861626365343932623261333335
38616264613232626466616636383731386661303832373832333835313863343064356264346134
383166613432653134653433353864633662
